[gd_scene load_steps=8 format=3 uid="uid://c7fe8atoqtw2c"]

[ext_resource type="PackedScene" uid="uid://ckfldliy4udy7" path="res://block.tscn" id="1_3hls8"]
[ext_resource type="Script" uid="uid://idrxkijss4ob" path="res://level_1.gd" id="1_hn12h"]
[ext_resource type="PackedScene" uid="uid://b3pr35gqd3aaq" path="res://steve.tscn" id="2_hbghi"]
[ext_resource type="PackedScene" uid="uid://beuaxfpyh6wje" path="res://coin.tscn" id="3_ihfcg"]
[ext_resource type="Script" uid="uid://dmoj21lcqngcx" path="res://coin.gd" id="4_rka8t"]

[sub_resource type="BoxMesh" id="BoxMesh_ilcil"]
size = Vector3(10, 0.5, 10)

[sub_resource type="BoxShape3D" id="BoxShape3D_ilcil"]
size = Vector3(10, 0.5, 10)

[node name="Level_1" type="Node3D"]
script = ExtResource("1_hn12h")

[node name="Camera3D" type="Camera3D" parent="."]
transform = Transform3D(1, 0, 0, 0, 0.8467971, 0.53191596, 0, -0.53191596, 0.8467971, 0, 6.1305766, 8.08656)

[node name="Floor" type="StaticBody3D" parent="."]
transform = Transform3D(1, 0, 0, 0, 1, 0, 0, 0, 1, 0, -0.25339395, 0)

[node name="MeshInstance3D" type="MeshInstance3D" parent="Floor"]
mesh = SubResource("BoxMesh_ilcil")

[node name="CollisionShape3D" type="CollisionShape3D" parent="Floor"]
shape = SubResource("BoxShape3D_ilcil")

[node name="DirectionalLight3D" type="DirectionalLight3D" parent="."]
transform = Transform3D(1, 0, 0, 0, 0.33005315, 0.94396234, 0, -0.94396234, 0.33005315, 0, 12.203128, 4.7330055)
shadow_enabled = true

[node name="Steve" parent="." instance=ExtResource("2_hbghi")]
transform = Transform3D(0.99999994, 0, 0, 0, 0.99999994, 0, 0, 0, 1, -3.8424041, 1.8944522, 0)

[node name="Coin1" parent="." instance=ExtResource("3_ihfcg")]
transform = Transform3D(-4.3711385e-08, 0, 1, 0, 0.99999994, 0, -0.99999994, 0, -4.371139e-08, -0.5097091, 1.6572223, 3.1950905)
script = ExtResource("4_rka8t")

[node name="Node3D" type="Node3D" parent="."]

[node name="Block" parent="Node3D" instance=ExtResource("1_3hls8")]
transform = Transform3D(0.97586346, 0.20624202, -0.07179686, -0.21838172, 0.921616, -0.32083243, -7.450581e-09, 0.32876778, 0.9444108, 2.2221506, 3.110527, 0)

[node name="Block2" parent="Node3D" instance=ExtResource("1_3hls8")]
transform = Transform3D(0.5042272, -0.22314803, 0.8342421, 0.4046947, 0.91445184, 2.9802322e-08, -0.7628742, 0.33761337, 0.5513984, 0, 2.5630074, 1.8546433)

[node name="Block3" parent="Node3D" instance=ExtResource("1_3hls8")]
transform = Transform3D(0.78027767, 0.5105847, -0.3612065, -0.6254333, 0.63699484, -0.4506337, 0, 0.57752997, 0.8163695, -1.5513701, 4.8571544, -2.411079)

[node name="Block4" parent="Node3D" instance=ExtResource("1_3hls8")]
transform = Transform3D(0.6983049, -0.71274126, -0.066107005, 0.71486455, 0.6896904, 0.11530798, -0.036591392, -0.1277777, 0.9911276, -0.38748506, 5.196018, 0)
